000002
000005
000006
000007
000011
000014
000024
000029
000031
000036
000038
000040
000042
000043
000046
000056
000150
000402
000502
000505
000506
000511
000514
000517
000526
000534
000537
000540
000546
000558
000567
000573
000592
000608
000609
000616
000620
000628
000631
000638
000656
000667
000668
000670
000671
000690
000691
000711
000718
000732
000736
000797
000803
000809
000836
000838
000861
000863
000882
000886
000897
000909
000918
000926
000931
000965
000979
000981
001979
002016
002077
002113
002133
002146
002208
002244
002285
002305
600007
600048
600052
600053
600064
600067
600077
600082
600094
600133
600158
600159
600162
600167
600173
600175
600177
600185
600193
600208
600215
600223
600225
600238
600239
600240
600246
600256
600266
600275
600322
600325
600340
600376
600383
600393
600463
600466
600503
600510
600533
600555
600565
600576
600603
600604
600606
600615
600620
600621
600622
600626
600634
600638
600639
600641
600647
600648
600649
600657
600658
600663
600665
600675
600683
600684
600696
600708
600716
600724
600730
600732
600733
600734
600736
600743
600745
600747
600748
600753
600759
600766
600767
600773
600791
600807
600823
600840
600862
600890
601155
601588